pade approximant inverse_erfc(2^(-x^2))

range x in [1, 2]
diffs x = 1
0,7.7118503040420415650131187953821536669572e-1
1,2.6938871390202905223284753912332952737203e-1
2,-6.3071844528732424114425251044867650589682e-1
3,1.3129743569017617061168075867978090277077e0
4,-1.9517844173044331537185283447794628788237e0
5,-2.2058502593245719018734594100969377199495e0
6,3.9973026948688847100266476576768531359300e1
7,-2.3152476660654346649939063325256831286247e2
8,7.6185738373293546916289822843700550552349e2
9,1.2087047655932414395270212806288335374637e3
10,-4.4916908997819100794931316608267820949560e4
11,4.2419514844615597508989514072370991701233e5
12,-2.1611766506904748127547977423299410048296e6
13,-4.3727289540534032086109634806210511324106e6
14,2.5255660953754347048345859391360266983575e8
15,-3.3085194412943954500923253247313222477103e9
16,2.2848614949224768078212332629791352644312e10
17,5.5754660386022817507604034620763812327591e10
18,-4.4310856780530737309987808395281269050033e12
19,7.4286186011462200307909906071253700752551e13
20,-6.4802849623563355686776413558476550045505e14
21,-1.8412053154139126243986388315837699025401e15
22,1.8793699348198463603749146003604472637819e17
23,-3.8409600126859690977785248032203775256861e18
24,4.0506470777298298470248920361060381136924e19
25,1.3082296730785607661649444161077965204197e20
26,-1.6404779655372126968487335719424725859810e22
27,3.9563762076686978445854380968115475016284e23
28,-4.8951071900545598737010647122726504025060e24
29,-1.7660389361993988786602048300609186989461e25
30,2.6373851721135292504079475181079828671589e27
31,-7.3327343611019682155255890134706549607593e28
32,1.0414759617263452807718570032510939228258e30
33,4.1420996497301789187622418345672059711515e30
34,-7.1998062836867471491697715567512881055093e32
35,2.2675225130839728638853051233908942830803e34
36,-3.6363426006584780034935372592114026978698e35
37,-1.5778327741054418276328976788309670065505e36
38,3.1364075432405805846301709027116953886012e38
39,-1.1037049152284526516605440900693400856713e40
40,1.9726407355416561979979544082714121547233e41
41,9.2605428256784445115389875750637210144303e41
42,-2.0759219166990277705990829913655468021602e44
43,8.0732988149261975109596353373951931778165e45
44,-1.5913759812720226517439507383138273421744e47
45,-8.0271901254821024990172643151602270329770e47
46,2.0063803710196684672228846413111545026196e50
47,-8.5459869270605611363820268994982601747296e51
48,1.8418708924423850049234525756364958100074e53
49,9.9253961673196759714375959658792872697059e53
50,-2.7402581869521204615351247864509091656215e56
51,1.2687763535569330423739235974742461402397e58
52,-2.9683404677397265199816462761479779186884e59
53,-1.7004809568331875299131935803611803679839e60
54,5.1448647714411081193350142912020121288827e62
55,-2.5730374459865607312452275848154557376893e64
56,6.4943271966309700722607910748803025274807e65
57,3.9384924635764494571159374686074953500307e66
58,-1.2970578573177671839924381227531612503484e69
59,6.9684493529302924553101533734767849004540e70
60,-1.8874872500927772104511195994028682214798e72
61,-1.2073264982357709188394616761103339349795e73
62,4.3027936528370206305668571656709180540210e75
63,-2.4715668311683898467574686730157298534160e77
pade results
m=23,n=24
ms
4.7693627620446987338141835364313055980897e-1
4.7339168949875840220895480880214176057590e0
2.2789404061291173035170966469722384607418e1
7.0767037810026039751806435929720592505836e1
1.5897838835508263708462752245787267758180e2
2.7465516991883836448917824869813262482011e2
3.7867250845639964214727665858976069657124e2
4.2677426445927964038021101069696250022657e2
3.9954430337569864665946395707633916708021e2
3.1405852530583154859540603326815131526826e2
2.0867989285044835207083250195663225311920e2
1.1764505184116746292162855139060456108458e2
5.6328951441829576237433579920361754051295e1
2.2872569911484233469290961051808568623391e1
7.8447868498743239517761322967356068083203e0
2.2571640002734172927671133325966008023326e0
5.3928465062873338057974034849779825652180e-1
1.0543447220634259103119178240605981580119e-1
1.6519663385215134427419237827814997005917e-2
2.0125493987112554469169537106887676253118e-3
1.8213295580912646032491371393526748193691e-4
1.1371102428687189637211110231533998016220e-5
4.2785248713921187361284476468601859060493e-7
7.0552923845965270008807288412900078543145e-9
ns
1.0000000000000000000000000000000000000000e0
8.3087239580922465413722428253986503523642e0
3.4065654001821513567964419538581964712555e1
9.1169615465595815733321039761302901252159e1
1.7801119814311595081433190784879810662337e2
2.6887922426016862790662893266935402592019e2
3.2540628841666058796326506885093159993356e2
3.2269665317022562620833025756918398063974e2
2.6609040225304578857925665594164166585195e2
1.8416553461559719992520284872743367644558e2
1.0757500694415019515489588381525463597990e2
5.3154330104711777000729998756867460391152e1
2.2205597698279771747570410297861519267015e1
7.8172212293213444640997042988281797622763e0
2.3045336221474409244960383555605070438334e0
5.6338140914850148513740758589213210419193e-1
1.1259015610873929472601837225747651521104e-1
1.8019539201262341977576583562310610295752e-2
2.2412902508896087769723323396741458744072e-3
2.0700677611204241076246240453160335419739e-4
1.3183887029079641843499030009594795807579e-5
5.0551564903925351699474319496675242710065e-7
8.4733503073123633255442308562242135473742e-9
1.2672612543484286266907811006523732228257e-14
-1.2571465682420467120926433508155882939239e-16
relative err
6.59564483159396351568e-33
m=24,n=23
ms
4.7693627620446987338141835364313055980897e-1
4.7798085534899661901367897582920458486864e0
2.3234759205019988934028826245005604645041e1
7.2861406080446919929023946825382351473326e1
1.6532571732612808924415632871908434718112e2
2.8855809125351857643988093030313529251238e2
4.0206527238230711632396910950392821719584e2
4.5814623260045731508037166890744966763312e2
4.3388835384764743889871489611748846085611e2
3.4524090943818808174813567245524469846374e2
2.3240882934864098470149072062592187352618e2
1.3287896949632286217663644380552001920470e2
6.4608502087578321004306501110958824688377e1
2.6684943957242236615338925514266844558611e1
9.3294213201021934457851421146769384267892e0
2.7440309071041359576541279747986184023649e0
6.7278040270273805007744045999959056812038e-1
1.3571802045171393309763371441325161534839e-1
2.2118600181491014033185334188148968218011e-2
2.8383991765583217158925591904571658745910e-3
2.7635009466477622745300516355127227224283e-4
1.9301580953711870706462731166584379063817e-5
8.8372084828251052285054820051433506178931e-7
2.2572952300438386266039053379450905731098e-8
2.2392785561946363709486844259654629168084e-10
ns
1.0000000000000000000000000000000000000000e0
8.4049457403135421016619762811177288424955e0
3.4843850931261667001813738323706790499449e1
9.4275426431449238030220793700543726043546e1
1.8609921810132594434130623848294159555771e2
2.8423508289557333119989963729971398848550e2
3.4793889824188545880726492011385967748986e2
3.4915734001098027493994252132941913782779e2
2.9151689451234191007841592675574665845695e2
2.0444862193920147984715635794333570010086e2
1.2113056057392241637304219977579199348937e2
6.0783967897793755978229704448440498548902e1
2.5829487853764054172219037236555643637083e1
9.2685821035434490418271695547022571676674e0
2.7928927996643294327297134987083430391080e0
7.0053229799515630647967508366158110059721e-1
1.4441375997732242267738372321391122510153e-1
2.4031432918206627842968829672425092169251e-2
3.1466780030793253315468263552444337501755e-3
3.1240716990242571735203653098758243686380e-4
2.2232606337307186209510863980690862218456e-5
1.0357232496355782046225651384835448746770e-6
2.6845233618468632740436820464576338707221e-8
2.6896038071890549477007143208489553273886e-10
relative err
9.55573403515904651730e-34
m=24,n=24
ms
4.7693627620446987338141835364313055980897e-1
4.7561353539592767184641534877668182813466e0
2.3005022875508954239200559872637190222525e1
7.1781026778970054453413910887413285948857e1
1.6205144940637781417450512776006161929570e2
2.8138627307226283122494577480220441235327e2
3.8999812148682190653818036692605952208185e2
4.4196301138525583716415669332241390286173e2
4.1617198477215825586512435318361251917086e2
3.2915548508226589765358719319865178210020e2
2.2016826392336625808984322640016172865851e2
1.2502055722591283121655476032847857266250e2
6.0337498143559068624910770973350595095936e1
2.4718331844799922464822300662682151134758e1
8.5635730332720403539766310490141834162028e0
2.4928807459110092821665671118053446692663e0
6.0391665537960915535343350920130271886390e-1
1.2009626034311547896740257565821078270416e-1
1.9230390161121452416073064278017105723034e-2
2.4123847937411407724786662900602655909077e-3
2.2774820926495580050321430159223770964356e-4
1.5210645768028574507050135452168087216868e-5
6.4856127843359066840802747931198951952618e-7
1.4568171662187153820686754332345927180322e-8
1.0841473232966545570310004032686734729469e-10
ns
1.0000000000000000000000000000000000000000e0
8.3553097601799185290663961080910640175109e0
3.4442418257307415640797912520399562241556e1
9.2673294691202044645168273757524698445342e1
1.8192701521027189776246455029140847787786e2
2.7631376740373669190643434624891552478294e2
3.3631545760480250391887541336428774634733e2
3.3550760191603306227229143695991789374498e2
2.7840064541037050675156445334329209263369e2
1.9398559687147249969918941009035231465343e2
1.1413793192856844436399140292004530884013e2
5.6848221321689008066868350795513252675258e1
2.3960105104748183948837143175154980870971e1
8.5198979921441563785000310264890347704228e0
2.5409728510444601864028528955499187534149e0
6.2978304936406278842882260123807880908805e-1
1.2799756259523208878997474588419220714327e-1
2.0930199182861613199617999330158922451840e-2
2.6796339778755507443856932919710047226458e-3
2.5803640549251738291696831415009703194211e-4
1.7564826948385044092042573278902847073829e-5
7.6221580337596299073911746904389059102083e-7
1.7368102619662603201532039654448851774118e-8
1.3022377879389456358600465962715185369935e-10
-6.4849871459255862765397142046867004447844e-17
relative err
3.75709633694772859182e-33
m=24,n=25
ms
4.7693627620446987338141835364313055980897e-1
3.5757330381328229071429658590351524286870e0
1.1288727125806555363945230513311090744380e1
1.5377966931368598617392756206015963072833e1
-1.3094748278364528182956519558005413090917e1
-1.1208024885832068321878183465563451535127e2
-2.8976480450816770529154379168112774676216e2
-4.9523956309477147003839417295922922666771e2
-6.4008092622866741670804621817510974823245e2
-6.5970412679961559282508309729172187895146e2
-5.5711673005162159517134616292411184831596e2
-3.9145562853916756719036350372829242522787e2
-2.3083031308684992110258085355598326966717e2
-1.1469405519179836536972942973811141619626e2
-4.8045319683547939439587066861532651063922e1
-1.6922720513127332166530002294594579111201e1
-4.9824934083006625415071568444761587599951e0
-1.2146163254927927743749783666937381768819e0
-2.4171661967998124339651528396184985208129e-1
-3.8473263645006548149862949158614950958496e-2
-4.7532483923343725816639737949370975107272e-3
-4.3556270394722872676590509796968400821749e-4
-2.7494560371150790032949597366061709811009e-5
-1.0443533066334084636105519233513022333054e-6
-1.7353212501997352656038095519270125549138e-8
ns
1.0000000000000000000000000000000000000000e0
5.8803411433653793648906463772500688799986e0
1.3878587215254025149775580422048656754465e1
8.3618701254311823930941727342701392759786e0
-4.3714921874127196297994970458577192861451e1
-1.6425836144202985535745420777597057564323e2
-3.2915218415255332761091469731649337996304e2
-4.6986274962930239064533663592975872245601e2
-5.2026344393702388590858739310470164006877e2
-4.6457979794037257129182699163273412357419e2
-3.4166598654390629018413184284084335030171e2
-2.0939654481868884597426279356238263676923e2
-1.0759519375221374146937403534587653833738e2
-4.6438259428707444873559966046974349403580e1
-1.6806404362222239187477588673051652302360e1
-5.0738653418447889148117875242912517500275e0
-1.2663537443440605924744759593744112037739e0
-2.5772690374851791622448147849803769354746e-1
-4.1918160034708073632604111704847190434167e-2
-5.2890866266316491082425760746777669140204e-3
-4.9477044739687354859905208959566595987601e-4
-3.1867490841224422257695405184567360735952e-5
-1.2337672640611226976742752070393502509565e-6
-2.0841052311080035653011902375271253869000e-8
-3.1429168209633138891614841175005826870195e-14
3.1113983031351630189775688272627698718915e-16
relative err
8.64784139447282196774e-33

range x in [2, 4]
diffs x = 2
0,8.7048520631871990502967407027196266095126e-1
1,1.7871966561233118883778251811738723798014e-2
2,-6.3809799643110965233216555248588899951132e-2
3,1.4860678304136683013461559037576260434424e-1
4,-3.4424237153705071492498824766817154199625e-1
5,8.2124088168782538170052139783223994511484e-1
6,-1.9633394800542532241588337495987600498950e0
7,4.3254670702092368906827412655749361809878e0
8,-6.3592984193570685079970401609309286399618e0
9,-1.4501187128948613542344987420776984986096e1
10,2.2477035023126625950852590614099239805893e2
11,-1.6464240720032781424705049551920544721037e3
12,9.8777796283659895150029512535731157816262e3
13,-5.1721004681123165162150177560260967774359e4
14,2.2322293839189948664446428138811408811198e5
15,-5.3257413619479047539222846508011797078279e5
16,-3.7273403341184498613427981132640350967231e6
17,7.8706592188515496307066283516379319713273e7
18,-9.0124385369013988357618672977676429403177e8
19,8.3141432373192904705945064905583759701799e9
20,-6.4775322037000207617936208784068083797466e10
21,3.9376490382525251214140187648304934364135e11
22,-9.9043309537415691022024534008898061462106e11
23,-2.1185680929995478979899834609311649226430e13
24,5.1255850692867616961834688580970225180459e14
25,-7.6884025360062811697578008640776739512627e15
26,9.3293391487596327489578101515587757377423e16
27,-9.3841338396110805064351514945115668602043e17
28,6.9717743229411666279271693455179917227335e18
29,-1.0215298882351270983948451288945094069079e19
30,-9.5702931642443121648664662932028755070417e20
31,2.5522724863473574241934987124747782118017e22
32,-4.6273994346208254610264577907828252581814e23
33,6.8280920902891361707059055494326300234085e24
34,-8.2099933057233994959797469716875176865442e25
35,6.7902670639944797207609321189997356149923e26
36,1.0356593674366233579945542783486150304850e27
37,-2.1007305718268590349226139317285381893807e29
38,6.0771403584079588126951894335188121420437e30
39,-1.2720929752877738276587545758953045186803e32
40,2.1757389224405258363132621068039108253385e33
41,-2.9715190293555597310516704921435860122515e34
42,2.5121055126986746343209166461306101224912e35
43,2.0468485853829506939418390529553456900632e36
44,-1.6632953940041240298692043433937037694792e38
45,5.1667346834163257856161982469746690105302e39
46,-1.2120013204217861145929300482557986860979e41
47,2.3245869856520037642462130158092722138163e42
48,-3.4668917777666830341775437222700658814079e43
49,2.6828887665449681716874651275241507838847e44
50,6.1907898386752658947615474692521038760586e45
51,-3.8813972900645359832482243229307495717402e47
52,1.2844330099221972985721544019949627206036e49
53,-3.3054941263482990379461951146781511815958e50
54,6.9332698018270795640968166404485955920822e51
55,-1.0902021198136237902745534060433347620538e53
56,6.2315814237653010075658251694832559064279e53
57,4.0923323225909488924542125687575086901811e55
58,-2.3053893535665353815946187801195249919648e57
59,8.0722550479216908268702233420890383945282e58
60,-2.2422362888195272637727070056977620496721e60
61,5.0379947844077847655398836153114381355235e61
62,-8.0530282034360952385730608101457009699906e62
63,1.3174300761736090737895489107960209038066e63
pade results
m=23,n=24
ms
1.3171503349861307488839297920844487996026e0
8.8163663579466618980221379675324926389757e0
2.8160819940398121528399404746575086134880e1
5.7070805826335716280310600245664037093372e1
8.2302305824158738663055067018788200281169e1
8.9785610648765826399023394641517434423072e1
7.6899032285106608673829013301606428501952e1
5.2967939124731728211065960951798254128887e1
2.9816828010916107883009212968339796247302e1
1.3863976592892036286756778633951711787137e1
5.3601542545892203473563602186127751709062e0
1.7291178509542902842782557374273099066346e0
4.6570726410185684158422565598204374126102e-1
1.0451379855644975208028012363996302699031e-1
1.9450979816573562909610021927729800528913e-2
2.9785317303782898602263904879164635327785e-3
3.7093636076951463171108285773422798107795e-4
3.6951930101186274794926775520222964049557e-5
2.8763991600563538720403022908150006391591e-6
1.6918755892476431500775239745620302551925e-7
7.1547542080741434273471121339692588940962e-9
2.0112227705363010572027763819173024187161e-10
3.2711122537064788586567209265892867164882e-12
2.2379896378683859717604074374594932941467e-14
ns
1.0000000000000000000000000000000000000000e0
6.0326303995599788986079559391484562262131e0
1.7386449998020227570347750526447546112547e1
3.1805698014964002121241247633307131893969e1
4.1391263111309006776627668006112238576976e1
4.0710108094408389032626001590193636203927e1
3.1384705557357876515655160354878617921046e1
1.9413784494870621874761175747907920006920e1
9.7842079354398636421374125251508890097556e0
4.0570853291747032022070139717551589586052e0
1.3919671899866330972054987016270206665347e0
3.9604899629813896696961371308994996408942e-1
9.3373107755947668982018481056016005290367e-2
1.8170767636854062343173788647624282978053e-2
2.8979181184803728350047433841562331119642e-3
3.7456539125078574250818004083806717393925e-4
3.8606725526702152098339354350237721325056e-5
3.1004592278145404198149308632642609303329e-6
1.8762145361610085468695295012554042235575e-7
8.1392000878405350244378515465095217551074e-9
2.3393866571246654791099963006109479221269e-10
3.8753535437767625527242421293506830981333e-12
2.6880542006557771357600367341245585087539e-14
2.4398073413948619962098733975580286498671e-21
-9.5649266034674218611393522536887206734255e-24
relative err
2.82181672679317823978e-34
m=24,n=23
ms
1.3171503349861307488839297920844487996026e0
8.8450740897184408987318831696737365969108e0
2.8350649386747942363973411793966536985071e1
5.7669629901077769655334802116344070045783e1
8.3500441156336419515659105912060971457593e1
9.1490848833886726925522433538067611554563e1
7.8734243941126372898873727575735972270311e1
5.4517860573042553509241335059336810109833e1
3.0869000763038389088831516995145429745121e1
1.4447371545798092484603109280319151517555e1
5.6271574788086394760673717931731152062402e0
1.8306447599916334469357165964181808526009e0
4.9788719218569717356070093639217595413620e-1
1.1301982956915522020641484228957989826402e-1
2.1321787296132989943959776992695499507696e-2
3.3191631875064099643535246102266770761951e-3
4.2185682453073155587487449586554658790674e-4
4.3125603888290328736143515090355823542869e-5
3.4730176431066648500660146304824542286943e-6
2.1403065484945957920481468129624496882362e-7
9.6855450184877182850988143230255282776855e-9
3.0290733409582729750510742906082119782238e-10
5.9574488666531393275526509574223584203295e-12
6.2602501724690916882382209132744822488633e-14
2.4542443332750121807528401872314603313063e-16
ns
1.0000000000000000000000000000000000000000e0
6.0544257337820829272063544975307344865943e0
1.7516167104567906680004964395219882626463e1
3.2174458115342931005969814316590856786737e1
4.2056492994033644901856295699240191295060e1
4.1563552633691323345858597684067492085562e1
3.2211898453792910572381075344370702864030e1
2.0041939453726550793214550536167423997191e1
1.0166743651317773353245212016768283644576e1
4.2467665545886224945350425812529857207993e0
1.4692919046829024138299221255530977653434e0
4.2210684240931339616954571909676739632493e-1
1.0064716341242855561229442382461891095073e-1
1.9850999221955270722125289337731264974900e-2
3.2177317329984039681783364481518885935495e-3
4.2434504718220235743612937769500987464963e-4
4.4869180872147588208332518533607771790362e-5
3.7264779122711000654855592281734946889178e-6
2.3615189760627682150143702512745841281060e-7
1.0956020667123369421382097198649689966988e-8
3.5009785844407462885146653506456498765312e-10
7.0078370132135332420049574924382338331622e-12
7.4604250276296848277193213270927384852304e-14
2.9478409700150966156897883373499144543894e-16
relative err
1.31235099969342136037e-33
m=24,n=24
ms
1.3171503349861307488839297920844487996026e0
8.7738053832608983984951363742047096716929e0
2.7879386132776665060187981918569234877748e1
5.6183012374420553067258105807612618583091e1
8.0525996642077612469174580274288411173977e1
8.7257490356744914440827709609356412741649e1
7.4178218343558660096907459232569261400344e1
5.0670085429744698155451711635232246761040e1
2.8256917314239306600930892906059566220337e1
1.2999057761274495519445773314674409880711e1
4.9643055836680583237168623155742323242799e0
1.5785979756881434441574648319067985018214e0
4.1799854522938897186062042014535810325394e-1
9.1903085404811501794190103720134089609052e-2
1.6677392881442059956261915854444640977660e-2
2.4735246842188138266292691820233985306670e-3
2.9544364729575384655955432308382620270397e-4
2.7799079717186243818603197084998235139476e-5
1.9918756332228949197130421320051956510106e-6
1.0270491635115541368582954051407492093407e-7
3.4027014693460447774754542537562261485520e-9
5.0219681522882861501888944083214367377229e-11
-7.1154668605194159995892822075745171201071e-13
-3.7252585265503375866596919555749438955695e-14
-3.6385678872714121120471283135371193870473e-16
ns
1.0000000000000000000000000000000000000000e0
6.0003174785856152125202256609556696185589e0
1.7194136424381729996454588036411685751435e1
3.1258988528400668428509605662460316041860e1
4.0405018972484721818098580388057671167421e1
3.9444824172958640902079542139532675753260e1
3.0158341307987813178514113088347287949062e1
1.8482506206667943069435941992659300316236e1
9.2170752532303557274290989929394152315981e0
3.7758712681898307927206363660707409568919e0
1.2773285535755523684701356087189279738749e0
3.5741663977760537901387554522757595617529e-1
8.2588873699439600595881071423704920630919e-2
1.5679721164488292584638956439053102143827e-2
2.4237748019733805522818279509409305133111e-3
3.0076399541756326105375985862966746365421e-4
2.9322251032264919473147348005946614806260e-5
2.1723480975523151547919113808216454667055e-6
1.1567209117342868266438758494585531788269e-7
3.9630906577305472800740696878098451826579e-9
6.1725531610777547311780146100345045299812e-11
-7.6874549916232934573563237558486165785230e-13
-4.3872785206003711123214427707040276467382e-14
-4.3702946328442033086772585508212087714938e-16
-2.3745517472772994684199728182195783948940e-23
relative err
1.40182052004519998928e-33
m=24,n=25
ms
1.3171503349861307488839297920844487996026e0
9.8002716612110770554333219070170397171477e0
3.4750054210754243503439820437209285555661e1
7.8128975003318192028857217037034757764447e1
1.2500175319024190254542472171929353892805e2
1.5139636599004996895904088817906675255616e2
1.4414889604686959180394138428367615338887e2
1.1059814477954941097439590688051661776936e2
6.9535275509112726918873343415465363806567e1
3.6235561336979055557175153408409738819141e1
1.5768618556070054895219529582558702867253e1
5.7558110399849734349759981813553458147615e0
1.7655145557119366307201306058217422217055e0
4.5483265335122773606094432451635841940599e-1
9.8125870666480440932504848730605163988398e-2
1.7631836020800259042690297642904276018464e-2
2.6166383490912034190493486814021801822033e-3
3.1687288965512137667959540904716823073368e-4
3.0788823974308983771510916014602478277707e-5
2.3443068514508075730487778556305264099335e-6
1.3525198189852955769666779449579583696988e-7
5.6259795067576960927210939854669271897374e-9
1.5602472681022905337173097811924498305982e-10
2.5119525666693100629835709914698065909614e-12
1.7076983733839476003918059795099085795738e-14
ns
1.0000000000000000000000000000000000000000e0
6.7796258465715574401328674740415282686817e0
2.1895415775725199724989119793587249199699e1
4.4808394501427000450649563759018739589100e1
6.5191465585180040626636221168811028316075e1
7.1701381877109596361230153365326693653636e1
6.1884069207572511327583039873529795005573e1
4.2940869874291841161627098867604499107871e1
2.4346399964358769868188216519914157064884e1
1.1400786386392576121670281983733642144797e1
4.4390491002343995257528295221512675293962e0
1.4421883188960664018843754409332853118007e0
3.9123317064701275373797573700506711432565e-1
8.8446165383551394896486618555292525368014e-2
1.6584406074101896015568380309953868289081e-2
2.5591358348873949818260413216055711671212e-3
3.2122419479193068017048005065691304458626e-4
3.2258892361047785168560939160856083876063e-5
2.5318859120085328337794950854351559707582e-6
1.5017805947444426317964809669980733456002e-7
6.4046722687768225192032543495480651359673e-9
1.8154161428602887684619116888827630481587e-10
2.9762226603632028321248729909210908425612e-12
2.0511201858423681222363951144321565320837e-14
1.8776167599497774948930044146586582150292e-21
-7.4540273412535181106786991723615894548071e-24
relative err
3.52303495831621844170e-34

range x in [4, 8]
diffs x = 4
0,8.6437709690434271749550918772230366153833e-1
1,-7.2060239628738049894500811904920993815549e-3
2,1.2931422816537120666041061419410249720729e-3
3,1.5132935535170621554335460932548209688744e-3
4,-4.3053562386520286110553008165300103133741e-3
5,8.8429890976915341889952942210556912030903e-3
6,-1.7928151735476703066447278309252479419199e-2
7,3.7971253065460006776930588550202580417023e-2
8,-8.5125980589418169208547685395315411168739e-2
9,2.0204745036345960723740138071950551103308e-1
10,-5.0522094232535670911072424284154784673611e-1
11,1.3203473712517465659770461407391380881499e0
12,-3.5669288419913745185714618165588807095956e0
13,9.8041814398732501053865422887790771739846e0
14,-2.6715419326009723291724779118157164407661e1
15,6.8490163232253057192862432253008059389111e1
16,-1.4201984571860745691535788770378701416580e2
17,5.2519887018397704995768183420535050498331e1
18,2.0684437261517596266951361637380876937118e3
19,-1.9401580530583414674450166061169169649668e4
20,1.3588123509226492717126364917739481246197e5
21,-8.6218924867337959133910422274754472685368e5
22,5.2322763703215302834907747655372427209506e6
23,-3.0991385261864551191990257235294144753425e7
24,1.8039878583465072949049748879120481413589e8
25,-1.0308705886645709779071231718789346630620e9
26,5.7333237639706150275386594659098355638628e9
27,-3.0407813855728442016785469538373107072413e10
28,1.4661538829174255836606644435957799886209e11
29,-5.5472629806363694394398184845596621484847e11
30,3.7055898178749023318492213078381192199565e11
31,2.4661600778572225386244130072486936163312e13
32,-3.9122305135785055855892131584240526317990e14
33,4.5329808989592712233807047069000051004007e15
34,-4.6652142819820917289573516631246172189240e16
35,4.5089154711991998467014552489230954670820e17
36,-4.1815702848030509427838192066133938454062e18
37,3.7504964397025893090121436783866650755089e19
38,-3.2521782878383126752558127711173596846305e20
39,2.7038788857816525471329336889302039746584e21
40,-2.1106467093597980384199455774812437193246e22
41,1.4695852105359717023481981480078829762078e23
42,-7.7253465318455475487465582202168123496919e23
43,7.9131047859709429953662241217488414273768e22
44,8.3774220012670589855164293583083461028173e25
45,-1.7780635177734917767429869302013616199460e27
46,2.8244667114353648563908265236669271658905e28
47,-3.9824477838456198438849011684683005450374e29
48,5.2456602439957288746203472781497067450123e30
49,-6.5864584176941198081389379992188436707994e31
50,7.9409708345964089222367537139798651656094e32
51,-9.1858692548332068742193076245744467923046e33
52,1.0102742701818235341614284386141899099438e35
53,-1.0324303645489667548576361873109085585260e36
54,9.2545431175868272688811456789648514278609e36
55,-5.9526002266024550704599296773861649615662e37
56,-1.0318446457476898841074339816024974907214e38
57,1.3883794917289729082902931740340343105247e40
58,-3.5815257069916573399832590415089035194033e41
59,7.1412264653187596428407254702930683442817e42
60,-1.2697691798353516827298846033103805096321e44
61,2.1069937034181318472401969938708642879560e45
62,-3.3227502058493615601712847932898973327577e46
63,5.0114407585170703471728101952288877297708e47
pade results
m=22,n=23
ms
3.0581795818509160901678391938718822023734e0
1.0873307325850927470784942273307677846486e1
1.8293543200339739938726352910435951339997e1
1.9362058743242506798554412436235487574515e1
1.4457106808342665063059926155048322710980e1
8.0940148218671596873153326163536129467688e0
3.5252445441117457238308676135587046459491e0
1.2230109117881882940990283496587774766866e0
3.4325222608522178388237612691368887094334e-1
7.8708942194387366987336062826302215286430e-2
1.4828747205548765806730024877822725695545e-2
2.3002196661428106482945518987552030833577e-3
2.9345766871225152497175364570557741058080e-4
3.0660366162591135967605935798863440433638e-5
2.6032026815149404379280836091550379590660e-6
1.7750735239162943612146769336825911768753e-7
9.5577508671782651055827679845797482772340e-9
3.9680389084524181099095162799424773986589e-10
1.2279458656683757035925237752338586671751e-11
2.6954141766711244958255077862581503021055e-13
3.8841582967607940853545467536670579908405e-15
3.2062280311117292158436555301320142136322e-17
1.1069409050381622905378686921465439624745e-19
ns
1.0000000000000000000000000000000000000000e0
3.2728392695921519064842361806198900789776e0
5.0579694526881596892215375428030184859063e0
4.9054157695362035894841710059489696703295e0
3.3465769385381326682786178422023074541199e0
1.7061535778534549838902415105210667131704e0
6.7401902080397870432287838166460974045312e-1
2.1112751544371167940938387308407834278561e-1
5.3212303340380367234749257564047840482742e-2
1.0887607531060836440459591096786052318365e-2
1.8164334647471521169588450007909782008522e-3
2.4724272436230475652959636223481104786270e-4
2.7372943316553456221205174308754787430557e-5
2.4482138538316165064842565147330086219434e-6
1.7493266801512627580279824460725364246856e-7
9.8228099992998681875290239593661696013591e-9
4.2336288569693749545000498556736658028282e-10
1.3541076225557714411260978524686766669832e-11
3.0584507099583430483646137378663209259794e-13
4.5140767875573462019456646326799878973884e-15
3.7979167679781382351389563245624296645038e-17
1.3295657729557133929770393189414988315400e-19
1.5974199967307676402391347502818345537871e-27
-3.2882773040253181407160626178343764734748e-30
relative err
9.00623138154198376679e-33
m=23,n=22
ms
3.0581795818509160901678391938718822023734e0
1.0751300359814621941729505210898437740007e1
1.7896652640748052752172983619201688946439e1
1.8754138855411704808502904907831237473036e1
1.3874722713810505741595078666952793007776e1
7.7031276853663027407249529597707982645274e0
3.3301413783970906726193175406741352512454e0
1.1480058657934312189776116776899521941002e0
3.2056301550256754293948907440077470491163e-1
7.3240796997322864888810343776061123040739e-2
1.3773033168644096537100273877350280987385e-2
2.1370784580319999582460482909990012657857e-3
2.7344423742990370337503987294624309705063e-4
2.8748338081334200304949427174218335690848e-5
2.4666355725087323520376073081455166959436e-6
1.7092801401977801989335794269805875530538e-7
9.4247376029768216725035486328738588248987e-9
4.0503772985337526145309214038175213943084e-10
1.3184682986569928747904191073954380243786e-11
3.1227593794186358000894404397983229866514e-13
5.0759500902730747921152705957930130666128e-15
5.1726247080145455712708785618788806152246e-17
2.8241267948694368846487419473028034944049e-19
5.8134442177163391899853365535807539261020e-22
ns
1.0000000000000000000000000000000000000000e0
3.2329439780401552470859972517178080358446e0
4.9394656259506600800361572946785961477057e0
4.7400783118154160311370753775621049751105e0
3.2027369372005149375618130950707088357493e0
1.6188065848207749148246653447521036293442e0
6.3475415601136946268544681118819483572406e-1
1.9760887048062901497753004356730155441653e-1
4.9575434286139466851076179901352018433689e-2
1.0115000634630594658572566792958727483489e-2
1.6864680053798432939826017086426963671029e-3
2.3002103844639631623647890795773056676210e-4
2.5603738298995445393950860845308591166846e-5
2.3122246224463787309381467671259888473806e-6
1.6776444670939898401908721449657710059488e-7
9.6392258973313995620769671691285326366536e-9
4.2973524890542267917464508341292194680221e-10
1.4448010143612910759258185013121192672350e-11
3.5188593905519586184335056833391714774699e-13
5.8551272069121903340770373809424761500151e-15
6.0787559144015644431713296251107917106152e-17
3.3641983562518946226279384190209989594597e-19
6.9826532959663259691451622706420730877638e-22
relative err
4.77215897485412033101e-33
m=23,n=23
ms
3.0581795818509160901678391938718822023734e0
1.0608138213710464611016113654636620531419e1
1.7430943951108822789704852839268738154334e1
1.8040809783894932386927852489822652061812e1
1.3191357168884649462500109751781272876284e1
7.2444633716473686800861394438369703267568e0
3.1012086475633976044322668480465068008541e0
1.0599954537481453093827188488421798764523e0
2.9393964975593170133516576237924930336271e-1
6.6824512525598948516610627939770347679037e-2
1.2534265480981230714638003033455961759988e-2
1.9456496713820746287570858325718247710579e-3
2.4996061295852387881302859133303029677429e-4
2.6504777304298704093492887667038881743007e-5
2.3063886534373139769624278552553574586160e-6
1.6320786301643779343068594773107021593681e-7
9.2686607412857320695630196901307213450859e-9
4.1469926067719514012388470669859895245624e-10
1.4246867073121502144890737594625780190955e-11
3.6242033406957710890959464902667621155893e-13
6.4743904942232043002510441493444535422252e-15
7.4799812262785982382444441663968768832228e-17
4.8390610665311803025377325061025989448460e-19
1.2634900217346873406169068746539865696381e-21
ns
1.0000000000000000000000000000000000000000e0
3.1861311136309596802411077491181380763336e0
4.8004140397301870326717260570611709124659e0
4.5460724607751578964963123204184895380995e0
3.0339560556155197312568018388434878374766e0
1.5163142158638883319728596272603226859153e0
5.8868103008406135908225608930825529985625e-1
1.8174618420778810380936868862036758668019e-1
4.5307956814812204722338094591637630961398e-2
9.2084289446591199151907337954490783487865e-3
1.5339674172011324641472109450733794977529e-3
2.0981322904541885503227950732883581905348e-4
2.3527765135819837227114185112523989645267e-5
2.1526557810543861064612778436484930929517e-6
1.5935330446714297209083373916749824327325e-7
9.4238095577382191317093982776160369338695e-9
4.3721253665643884464224148795220778572856e-10
1.5512200249322103518509129666211647121955e-11
4.0590998123910836384424409765575238253482e-13
7.4287066696749150343793026222266954977437e-15
8.7550770928430214792150226818613170466754e-17
5.7516224240829909506693428352810800223408e-19
1.5176032550668818224895771526979756503454e-21
3.8584422768924061417763815875034183492489e-30
relative err
9.85747795006343355020e-34
m=23,n=24
ms
3.0581795818509160901678391938718822023734e0
1.0713759349702848967900130633681761809884e1
1.7806478167139265179610064664323999473001e1
1.8672618597743665469656030693855047288771e1
1.3860069579283655789679027824766836072690e1
7.7437721935760690420234639462197216172570e0
3.3807537224498735130753692410512663074403e0
1.1817477326560714547480457125141816401805e0
3.3617909265874794467198161796111933137835e-1
7.8679503078211715099256044997406464994099e-2
1.5252656492636142637312810222408911565107e-2
2.4577939334420611931158172443838527559325e-3
3.2940389209486024243197532450730359396891e-4
3.6640000402055882500134596912662757590473e-5
3.3653136175741017922574863492397841686922e-6
2.5311534460181216936987645794585050937925e-7
1.5399277895971307255322601202860669036886e-8
7.4479776441273457612406442124481493277533e-10
2.7951385266231211621214593341141736648825e-11
7.8651916083157029893036133441853322740552e-13
1.5783611868910287880012634193615812536041e-14
2.0894798790060212770129398944650546210024e-16
1.5912493408646510014938932182083172061130e-18
5.0865603397899447084789440216705142661673e-21
ns
1.0000000000000000000000000000000000000000e0
3.2206683712266888332981726546709815215477e0
4.9134489326535092344150476629860409778904e0
4.7207608546739780667784201863649327629568e0
3.2033756636621435472097120050928731382796e0
1.6318958056541064694729209288795027035653e0
6.4760689570026106811872400860460513949365e-1
2.0502495275371624335100139458696714390730e-1
5.2599722201237959990326343307159525108837e-2
1.1046235972387915537312070169451981378433e-2
1.9099955231025812682229226205009320338084e-3
2.7254785952289405725211208945118912386501e-4
3.2066850795790616499576443230903039510750e-5
3.0980421755314855168607255774233538620514e-6
2.4390789698635831174640447124150565330126e-7
1.5465504174884805365227406221201111695425e-8
7.7646545591616249382443437663787851491648e-10
3.0133993289108471243833834449280894689487e-11
8.7358161896459898613122260176604126331244e-13
1.7991756671042115460958769098017591719694e-14
2.4345460374719982429281570362639316114457e-16
1.8868585398362997968405556864447702573686e-18
6.1095588141705033153054764953346128071309e-21
5.9028948192551749668838516516751163416988e-29
-1.1356808029531220047644431897031689138800e-31
relative err
3.93251514318773119629e-34

range x in [8, 16]
diffs x = 8
0,8.4668719681797708805429286939568574672538e-1
1,-2.4029109742137841718000872911139537299246e-3
2,6.2258964777909231471198334890289864434893e-4
3,-2.0832218136654496239407534121513629126610e-4
4,7.9583710505749925265994282327431723696031e-5
5,-2.8771216373873777637251331255985718802443e-5
6,2.7144928822152435880952193509613428807240e-6
7,1.6102999904448103932298260442714539628084e-5
8,-3.5876977211672399193906309767735385271013e-5
9,6.3379051104212006200290449472834664982415e-5
10,-1.0817782875149430688248141240829484948233e-4
11,1.8782449023647290949376917550530446099114e-4
12,-3.3792293674394899935257187093105074694659e-4
13,6.3452829963266955889729787952124140580473e-4
14,-1.2465633244534999974899948706996262813738e-3
15,2.5627681071986237883396298561877876862232e-3
16,-5.5088053985709282830365102750433474660750e-3
17,1.2363190375973147719360857674307717706575e-2
18,-2.8917909219145351925696252210351452950725e-2
19,7.0360658623442060156065566455160800669186e-2
20,-1.7771996317316425122455297726446500889417e-1
21,4.6501289104135119088657592852494763355545e-1
22,-1.2576341874120413062139509719742155008881e0
23,3.5074113111488006181985466097090490436768e0
24,-1.0061486774637255584405440643167867794458e1
25,2.9604336361323124523024981216897773731594e1
26,-8.9052655911801399937190431054894927038793e1
27,2.7277953090642720889484335014591279407270e2
28,-8.4650142480261445901088570829681072047029e2
29,2.6425505021905108052763739192715697377163e3
30,-8.2105486017230707323278429786515215892305e3
31,2.4939618131476848868430464029622937314332e4
32,-7.1495361305131984530563626933904948369960e4
33,1.7692192778806243587950332408342036937167e5
34,-2.5168813465133176641896782375784933512248e5
35,-1.0507902999488521891676647896210571620967e6
36,1.4112545881332417877462330473575533043026e7
37,-1.0669188030138413518901003615335161699470e8
38,6.9150126729854862496730420592074378519141e8
39,-4.2011145572762783629538145509064346873421e9
40,2.4750957935726974128804967763992818574157e10
41,-1.4373402998409188081220538709397964420689e11
42,8.3009077941707947859106969461759434618437e11
43,-4.7923059401752140953010792312316649938627e12
44,2.7744411124151362370964131843657368742070e13
45,-1.6137238052345168584375808399510247606681e14
46,9.4395434260825156594417662412367048639731e14
47,-5.5554657052443931524380370089733872062244e15
48,3.2892994053214900902062917327116730106310e16
49,-1.9582680626130695398588585380270448310127e17
50,1.1711176771462057410585965583575198917240e18
51,-7.0247699539023864901270751942730359176968e18
52,4.2170841711150027592222937907315679973806e19
53,-2.5255904905349437878584383225801067645437e20
54,1.5019364559458937228594106178728543018406e21
55,-8.8053057049714325683302247653638165878909e21
56,5.0287770995727365272106181129698713885807e22
57,-2.7371322882978366013753107137959935020003e23
58,1.3538626873354597903764267556769004051529e24
59,-5.2787709077738993467564137006624227738427e24
60,4.4149925198236264596827815564280266528353e24
61,2.2964821194304115482739401404447956900591e26
62,-3.7526324894653603074469825114117980437010e27
63,4.4331807762930095092718757625691790044710e28
pade results
m=21,n=21
ms
6.4737703104212918699891016113234837209005e0
1.0709353371509729421423864300976000843678e1
8.3199651198424596513667047874427435842857e0
4.0328055315611514400356924164932089698473e0
1.3665522507335733291797699881283113325390e0
3.4375173661294613673242155206109533349431e-1
6.6523484267220311699674654092340806630308e-2
1.0128145961795328235033918933171069478640e-2
1.2302056277089535092474545892473499825330e-3
1.2017819964545635367113359804704752892551e-4
9.4752161399342992226755880815284932909661e-6
6.0265573812868832200906392492693605496951e-7
3.0792107677064629083521793420502061154491e-8
1.2536395011131591368031159201578527730407e-9
4.0161080748322977703285058163047537500850e-11
9.9422582757200593739839131102701386282189e-13
1.8543166880020208109658212426411482680464e-14
2.5137272277409543990857578430677689012320e-16
2.3505110399645964586135869168569537278116e-18
1.3976887897300627013723463858129459042370e-20
4.5837789839654325086797852611728557587392e-23
5.9894495379907690364245543910120023649951e-26
ns
1.0000000000000000000000000000000000000000e0
1.5234810167446182017743433664053709247061e0
1.0861143300895229023307118467110022189916e0
4.8116212258338263943842950764139090221339e-1
1.4833920730809802354423061790346272974206e-1
3.3772094707449404764407373386272336855152e-2
5.8800103495765098389920314921989322311630e-3
7.9989187984852298712248465957106969211246e-4
8.6119567458871761062265457036430172506389e-5
7.3876052276467319015073308710755481592921e-6
5.0584167195661939256877160438563176659262e-7
2.7574385689030314929469844426961775834706e-8
1.1883816865296050912325876337614405709050e-9
4.0019162482799523127758147505441820959197e-11
1.0347926170820854944105247407762379718979e-12
2.0038734654038767154141406889085842414184e-14
2.8045420720124463565372858503020018744152e-16
2.6926830226682904931102956950063685857083e-18
1.6352503393094115711904345501910620539443e-20
5.4481323206948707928842739992150185623544e-23
7.1940586781161221127068433703229638474988e-26
2.1886055516076262918422177167530962565531e-35
relative err
2.90438504287228603961e-33
m=21,n=22
ms
6.4737703104212918699891016113234837209005e0
1.0739995556860090510720513946712636439808e1
8.3682281078129774835697069113805293723206e0
4.0684638228590390293773401085421764163448e0
1.3829674140671981457359157292375566329879e0
3.4902608198382885601295985130965874486449e-1
6.7779140788509695360068095221181611356648e-2
1.0357608059575980734126016408290253541924e-2
1.2631070815533677942601499933976609886567e-3
1.2392981863286416920034728535679383037771e-4
9.8179336038841012504227082887811255666881e-6
6.2780392079422503756098634128817448502310e-7
3.2272026335344454658108658367046699236269e-8
1.3230843836430654317782064597502533109560e-9
4.2733073067276043948769233181029915276312e-11
1.0682455801880907584379803018321260087695e-12
2.0161446070395152515440570352946915388549e-14
2.7738898911572138064300716082149009340186e-16
2.6436179629286684733883432005793611252999e-18
1.6122581916631471374292178428444481454640e-20
5.4763595525749844490823165015747626874930e-23
7.5341784097829214450432412919253305761124e-26
ns
1.0000000000000000000000000000000000000000e0
1.5282142994965617126887576597114124112968e0
1.0929504357811763191792050578049418775453e0
4.8577704302829108134398887275558235966171e-1
1.5027246888618135737447067949820574223196e-1
3.4334727258293213150224579082054415464172e-2
6.0006792590709275775869532566769661762204e-3
8.1963375475339537707729053428514144100580e-4
8.8635388693466928478693232375494087626177e-5
7.6403920070809817998860650517248774001926e-6
5.2598558295492920106690518543377292970185e-7
2.8848260781767824751283039410529436204483e-8
1.2520474951137905737179389979748179290494e-9
4.2511103045308391785755146768931439158199e-11
1.1100594144566642826316771021389069032051e-12
2.1754823902410239642552994063569616577866e-14
3.0905527515328226158992762065168595246615e-16
3.0248449293321939518594506426541663660007e-18
1.8845263109126123737510949656529377718086e-20
6.5053894806662975489771426169211229539683e-23
9.0494651299221337691319926264690108229823e-26
5.0000676536312400205044961086304224914717e-35
-2.9360726707351412557811088261463958044322e-38
relative err
1.70543620432213503528e-33

range x in [16, 32]
diffs x = 16
0,8.3766813489063022870495028895032036663952e-1
1,-4.9560417619037151211951211638611863133145e-4
2,7.5152261176495608087559254416997432572001e-5
3,-1.5483119871001668313337747972035428017735e-5
4,4.0179801944115177989883005362930013395167e-6
5,-1.2518674819099321336077682025031050684424e-6
6,4.5263199969154832705662483647088671481596e-7
7,-1.8494972022618980817675903825070667485155e-7
8,8.3470047928913877289909950238233911777074e-8
9,-4.0677933076416535816247519988912026932076e-8
10,2.0841111212321122607183698709607417969668e-8
11,-1.0779534003552435783479743570798668826724e-8
12,5.1625187009154841013023120570411959711911e-9
13,-1.6369963889369456382396526953369499562710e-9
14,-9.4266339794774581786182075661654436651050e-10
15,3.2183473593975644090976645286237327394129e-9
16,-5.6412883834594897805595329261894422646450e-9
17,8.6420443977972884714633471501824837881092e-9
18,-1.2762776909064694699111068719062658459951e-8
19,1.8814209853253854646628995266039647538513e-8
20,-2.8120509916604348518081199662690199664609e-8
21,4.2950227930016977613545851848246633450698e-8
22,-6.7315306980701039643680303559859728058189e-8
23,1.0849756671812225867841645879750482088338e-7
24,-1.8003397964645210887744621697158018413976e-7
25,3.0768163468185145042416590197894955300411e-7
26,-5.4158879186966943445975212108141026090303e-7
27,9.8165037752017593463302494561480257908202e-7
28,-1.8314343897332237108773695685151995667078e-6
29,3.5152606321418148574048012598333467828398e-6
30,-6.9376503771870687235107763359642965692664e-6
31,1.4070093486833588313670529080452248509670e-5
32,-2.9305123917429830789662038335998800483390e-5
33,6.2644186166526358588550404010960145414041e-5
34,-1.3735259631842922081482971521175599596155e-4
35,3.0870378167828969490597024936643940595116e-4
36,-7.1077032657668464129342080481269980390783e-4
37,1.6754682195008991378747485672965024139559e-3
38,-4.0411445965001147793344933025710560277051e-3
39,9.9673591569834436304274939932743446771179e-3
40,-2.5125455523293357457628279861689837251121e-2
41,6.4693482694163816357128426366906189283584e-2
42,-1.7005055087028242871188160137716918216645e-1
43,4.5606585653828091353485486979998287465901e-1
44,-1.2473039351680406737279594715282411006194e0
45,3.4767755588289590087960329407958282848846e0
46,-9.8720006693385819398114228054273425456756e0
47,2.8537846521891392725601822616593401042600e1
48,-8.3943166951988592580183578752933534679032e1
49,2.5110404045400300545928699756971281798621e2
50,-7.6344107063625467942450037832172455381694e2
51,2.3577107072680650607546985351807057550566e3
52,-7.3913774976091552725502928480301878566266e3
53,2.3506577992250217652345033234278428744642e4
54,-7.5782476567441722795110858779964763206433e4
55,2.4746805528243451827197891592396929936921e5
56,-8.1781564767257272170962196934267396297039e5
57,2.7323607738674410462530034578611650434736e6
58,-9.2183551644097201581939759184118944047129e6
59,3.1360699856893420639206716391377716693119e7
60,-1.0739267372167826026167164789824098143905e8
61,3.6936010416350447825543702035138585756432e8
62,-1.2721131914135651035794025147667571851660e9
63,4.3693734900962550331796501236685507710885e9
pade results
m=20,n=20
ms
1.3201897749998271547635032044165970874276e1
9.9604692625993918779179662235117547663279e0
3.5176225061519107745852204398635990449829e0
7.7224374965496268293097608808117968666382e-1
1.1803225753469246426939098180755778272382e-1
1.3329438103596545528792421499688764258949e-2
1.1518726142919110786111950382805465192783e-3
7.7827385930886145774555071923966617185607e-5
4.1650835841807489019651212988770004031330e-6
1.7776396726602512712501959772921322380068e-7
6.0622479216213325834531805151660789329476e-9
1.6479544439055238377778291195605364552716e-10
3.5469908122461784988715750991566184539659e-12
5.9760469349124598900709305883329593701043e-14
7.7479522471153827306593229116062033844208e-16
7.5430620515207788225603058768562771161305e-18
5.3247115585657346710606940996568143862059e-20
2.5887768462563266347860756302446956807060e-22
7.9991063655051362702282945536352344378276e-25
1.3637195512509294568032625866942396839628e-27
9.2765068409381349484839498504705246406890e-31
ns
1.0000000000000000000000000000000000000000e0
6.9102195006092635793492973473429913483345e-1
2.2262126974618996307676999721188112587816e-1
4.4381476681641964488635065867246971233384e-2
6.1280935594465744706906642198061227488376e-3
6.2148270496433666023871834652832540907895e-4
4.7899267843957648490749630588497173227134e-5
2.8634696126004427808910838833300068851441e-6
1.3432376060908798950901988464601420518535e-7
4.9697940297587768440835145577261120416352e-9
1.4499916226136720926327215976908788346743e-10
3.3189657917039595335670600097521657521439e-12
5.8990515776064814653359068903156797462419e-14
8.0102245398542988593290084818393989833620e-16
8.1137501549286030778136036064726189772308e-18
5.9224612433160030821118156197023960449290e-20
2.9599402640705294711287865529186406967058e-22
9.3487464858138113760618761077974694104256e-25
1.6201669775511728462528876011590848267590e-27
1.1142218810173789054946088085183857400425e-30
4.8790480070331736369387357326446081975596e-41
relative err
9.47889581447577889580e-33
m=20,n=21
ms
1.3201897749998271547635032044165970874276e1
1.0367640736114070762154192252374253731332e1
3.8149735719686975006030952243956541236491e0
8.7348738878206749254214619989591809636587e-1
1.3936871401027767499225783219322096204444e-1
1.6445198155918481388221705061938408744740e-2
1.4863160689002790633570434439335263864584e-3
1.0514201156421072385016087275057241251469e-4
5.8984076301015357313568010961840512162573e-6
2.6428010930683840898519990665514894323085e-7
9.4791433402814604457779058583663586437664e-9
2.7166012282558666945395552808301648377341e-10
6.1833343429384484400594527349903646045957e-12
1.1061286418931453009744923896092997953860e-13
1.5307486292345567171754148222780976120253e-15
1.6018710533799673643245943296760459657819e-17
1.2268578992114382638967851471071339980627e-19
6.5539446357671325823926753230608317394585e-22
2.2644358542565898420707540601816648743492e-24
4.4261437138070590266803770386776409380706e-27
3.5844177905890359425669068714947273257007e-30
ns
1.0000000000000000000000000000000000000000e0
7.2186383970627921585820244147211683256759e-1
2.4318769154271515617649533780398642069617e-1
5.0745974211862683470656730444354687553669e-2
7.3407851056984118286330775456407871231197e-3
7.8064667191733375228489942067352912446153e-4
6.3150855167284226427216530464381758292714e-5
3.9668397394473495438512060229475522434805e-6
1.9578871669290996499014959484180936442289e-7
7.6347691907187669733653362711175299317044e-9
2.3529495185936221071927382758353286903693e-10
5.7058250781938504554458832479494399298788e-12
1.0786142577897944562421149719486529469011e-13
1.5658863129517704063551960164585262540591e-15
1.7076171275208792935217057460540728205008e-17
1.3545129481914500626359247794360802757889e-19
7.4506011460562039928991302093644971141378e-22
2.6359307008643172063678824992715498736347e-24
5.2474572637937970207231929353810846635977e-27
4.3053235219457232723285703213063757928519e-30
6.5395488015703716204415672397370549009124e-40
-3.1660191919419194606645701369454807521767e-43
relative err
2.23648702056628668624e-33
