pade approximant exp(-x^2)/erfc(x)

range x in [0.5, 1]
m=13,n=12
ms
1.6241930857480706697147094871341583473039e0
4.8728829985536419968891793929143978582323e0
6.8496381549606005249889925300783011348619e0
5.9760643949095660809786889191992950623932e0
3.6125485441281656773477068772590764180877e0
1.5987518669167192795099492672191344889578e0
5.3324326598661954144744840466407357126260e-1
1.3581209861939231042413697880893753340099e-1
2.6432765757019426861917168348034543723570e-2
3.8859225132977820048332433645110162404332e-3
4.1980145564706765596270446554811785229779e-4
3.1590109417539233076873624939143642606387e-5
1.4857132420909196133571542447072912856015e-6
3.3021995999940355968855681779856263253222e-8
ns
1.0000000000000000000000000000000000000000e0
2.1674813692926501428825634007107557541469e0
2.3026306039048468695380174955478890719148e0
1.5581348730860836553841472953085585805573e0
7.4158449211180556925944653916037663588827e-1
2.6017274381411642023234219186944769187441e-1
6.8767215347336588757038699051038306554768e-2
1.3768847408270947609061538770788216700050e-2
2.0700426483573147834510172607934456464920e-3
2.2773828412097376752120120453455010107257e-4
1.7399041454060414613812758289379662641167e-5
8.2890858583763722717299338841702741522053e-7
1.8630666512538472800893096786224314182256e-8
relative err
1.56951831415527601777e-33

range x in [1, 2]
m=15,n=14
ms
2.3387240665100064766139367309817876522370e0
7.1078485978794109029002187105918147047993e0
1.0203244726047866089237414969922840010904e1
9.1799529351830471334045677646318317540966e0
5.7912455333251362313190668329929928294776e0
2.7145425810947992410245121032417219669475e0
9.7703654034690276449250515445490217681690e-1
2.7508499965544739305615228010593606326346e-1
6.1111077412881546422248315053585315503130e-2
1.0717135411341354971734766890498361918014e-2
1.4723376960871633499368167199456110119600e-3
1.5569597508361629319988983378436545845931e-4
1.2275068238808358799564926841122792523122e-5
6.8159464769041162788992009071679836907977e-7
2.3851449851708524380383958700609040113758e-8
3.9683130209995186659833871116394760735636e-10
ns
1.0000000000000000000000000000000000000000e0
2.4002318080205258680047061616166074063266e0
2.7818227179160903666085541883775030928447e0
2.0495077231008929701298858725153509328622e0
1.0679967912013796610084030539153881053173e0
4.1529815783537953762509067824348260380951e-1
1.2405342941887482384983589099957655257121e-1
2.8882474121748954804994533442507682337073e-2
5.2627256543402929380336427579344600678819e-3
7.4647378619875247496004215817438956710543e-4
8.1115304529883170472836477864326521601462e-5
6.5477573502143170922852281475051826654999e-6
3.7120380495068941793050964887597102090611e-7
1.3232851470655576702370325069876494959859e-8
2.2388808708805622617547322402216287148304e-10
relative err
2.84677081782155628787e-33

range x in [2, 4]
m=17,n=16
ms
3.9154930672523089723501211233048511864509e0
1.1393786333372486212473015439054087959548e1
1.5747131187896394074997271514552703281866e1
1.3731329473104733892047834876945863014472e1
8.4627328471291161678893360981799608496784e0
3.9128960182901736674075586167803752425764e0
1.4058115721101098308915653307851379127623e0
4.0096850317417586352758218339256841201890e-1
9.1940978737797638717959800417553645411291e-2
1.7049627259619772119477352266050860387450e-2
2.5577054560909818412083432888342110460963e-3
3.0872469178937395918679744564141018243378e-4
2.9625399401425103626669057214169218769406e-5
2.2134357334271517935099070187735814033537e-6
1.2438931749719884029979247403683160352544e-7
4.9564466374595100959912494637700999618587e-9
1.2507974656309176552348817026482554199689e-10
1.5058514161118430940327395636593034198237e-12
ns
1.0000000000000000000000000000000000000000e0
2.4917629603546493789460396393563760456096e0
2.9686115401754030254425955723269991306371e0
2.2409398935459216353335528153184086206699e0
1.1983093746786591375849765461622198047281e0
4.8091222061659638639108701198526778012719e-1
1.4975140769832888977299452750909116471045e-1
3.6892591196750535150759508926843711239017e-2
7.2651488179909053243733923659624713363151e-3
1.1472623359459138027964245509319572563547e-3
1.4478377398008122166080932366321710688922e-4
1.4448727779998440297660667749718242722704e-5
1.1178775767352749407589572409596244198098e-6
6.4829148595018439791386033735039789573284e-8
2.6582117339093386367664634273563173272896e-9
6.8869518757006302351546892233268016907092e-11
8.4958568334095650496880422601018360380577e-13
relative err
9.49241824091039859920e-34

range x in [4, 8]
m=17,n=16
ms
7.2992989704878176290019053238541064043215e0
1.7222032975834122404529215945659450438746e1
1.9253664580246119187435670198452912573533e1
1.3547473944315029862101974302261290355433e1
6.7203266528608160520825603848315170020651e0
2.4944341358565604889359680614460610878620e0
7.1748361495385231252432422095518779706847e-1
1.6337208357126038831053454499924908245950e-1
2.9818266060848843335556892384883267078322e-2
4.3879820580873790917471014401623780986609e-3
5.2070601290833667524134405458603751899798e-4
4.9552015319999577754486785288082809610100e-5
3.7358872365784100756153989261986808111385e-6
2.1850365688399833054562207656644213598309e-7
9.5760244721339450104835147455094950119641e-9
2.9638103164081224017561385675882719697918e-10
5.7852834113793463187492067735440910691803e-12
5.3636692338133608556294392634222101232553e-14
ns
1.0000000000000000000000000000000000000000e0
2.1230322841900206879188117244133411161812e0
2.1345242241462845238149633259795962171491e0
1.3487939051967734540716125382828184898663e0
5.9945328933383790249475122820306675883766e-1
1.9867217476164846892202953501559660322264e-1
5.0788570923445685165870072080012306465946e-2
1.0215518707825400935393932294843675080601e-2
1.6338462605327405537973406287909361070704e-3
2.0848504380455167230209356322671026725303e-4
2.1155811648302044711263856995334114412381e-5
1.6893415871594818703198544697334141358580e-6
1.0407555328637676116062971071441332395593e-7
4.7826696903621383896559065634647498290099e-9
1.5462815383685033882697040642174522193315e-10
3.1429515861193332842531426266673104066869e-12
3.0261263113130731104230260380175862227335e-14
relative err
4.83328363236823368584e-33

range x in [8, 16]
m=15,n=14
ms
1.4288742233313616833897197269760812102575e1
2.1238351326385539855013117822167464219287e1
1.4792665482263591860203000896291973156542e1
6.4048409362211436971343559426722303005720e0
1.9279790023470994283628692464415547558795e0
4.2741694994137253716094664653678728295420e-1
7.2094649844551940516764553094888155437239e-2
9.4221089695683439910702732341640143448895e-3
9.6198805187407076629320620144984981860316e-4
7.6734590743869182509483767977785938353561e-5
4.7432600427563092651258965674254270370419e-6
2.2314238170543766189103623976292881179010e-7
7.7340574538584292386235733438636119013997e-9
1.8645620695921838231167227294234758094795e-10
2.7960328093784793380875114944513530315866e-12
1.9661384938394085077432617470614553241726e-14
ns
1.0000000000000000000000000000000000000000e0
1.3632504873408987432661517385961788330792e0
8.6731425018698689684248424355548076698377e-1
3.4132297705067285690788102338985015046726e-1
9.2826769424325942197569485361723752270347e-2
1.8455720768193335906249759050106797576751e-2
2.7663801005584542721892374496460007362879e-3
3.1758964682219187915937259049239696229781e-4
2.8062285264853581122326084397223990978005e-5
1.8992476562298438968191857938196493819305e-6
9.6921365550288206375703224480567710381531e-8
3.6165258609335280833087640326082148259652e-9
9.3281098598595975959784523620661039254908e-11
1.4887505976661898027026177584905906304430e-12
1.1092748580364686759617081909567906257383e-14
relative err
8.58613908053417273028e-33

range x in [16, 27.25]
m=12,n=11
ms
2.8414436516281318659687552313608363065060e1
2.0039304782717430819734431017534152224839e1
6.4881175634303386202204501584196949388758e0
1.2752203466317836545592249191520055327634e0
1.6946240486303876667708494718963751317994e-1
1.6040587231102740841267354179538491945479e-2
1.1089673834835401537379901827739501156446e-3
5.6422464072450221153152960820548798080934e-5
2.0967374661699919297417774156137456684974e-6
5.5502055778388996189982703986673461754558e-8
9.9338376243272750317019297886555423608057e-10
1.0794039399910658074986134666712884912613e-11
5.3849171179667727084764516967057475530562e-14
ns
1.0000000000000000000000000000000000000000e0
6.4299261483728585160641471783437207383545e-1
1.8829976335702073363633432622692795357368e-1
3.3151779150984265850841324086792954072192e-2
3.8988493760268394264469635568681171748980e-3
3.2161029406553309887488971009515920559104e-4
1.8987310873131573543417556589589648908819e-5
8.0230497361623083150446029028027889786263e-7
2.3778626901663473227316936952284607233914e-8
4.7078099937228962997344876812553315596192e-10
5.6037863304376901581184724294921625480250e-12
3.0381141462248575083117408345126636323988e-14
relative err
1.49472992684635016074e-34
