pade approximant inverse_erfc(2^(-x^2))

range x in [1, 2]
diffs x = 1
0,7.7118503040420415650131187953821536669572e-1
1,2.6938871390202905223284753912332952737203e-1
2,-6.3071844528732424114425251044867650589682e-1
3,1.3129743569017617061168075867978090277077e0
4,-1.9517844173044331537185283447794628788237e0
5,-2.2058502593245719018734594100969377199495e0
6,3.9973026948688847100266476576768531359300e1
7,-2.3152476660654346649939063325256831286247e2
8,7.6185738373293546916289822843700550552349e2
9,1.2087047655932414395270212806288335374637e3
10,-4.4916908997819100794931316608267820949560e4
11,4.2419514844615597508989514072370991701233e5
12,-2.1611766506904748127547977423299410048296e6
13,-4.3727289540534032086109634806210511324106e6
14,2.5255660953754347048345859391360266983575e8
15,-3.3085194412943954500923253247313222477103e9
16,2.2848614949224768078212332629791352644312e10
17,5.5754660386022817507604034620763812327591e10
18,-4.4310856780530737309987808395281269050033e12
19,7.4286186011462200307909906071253700752551e13
20,-6.4802849623563355686776413558476550045505e14
21,-1.8412053154139126243986388315837699025401e15
22,1.8793699348198463603749146003604472637819e17
23,-3.8409600126859690977785248032203775256861e18
24,4.0506470777298298470248920361060381136924e19
25,1.3082296730785607661649444161077965204197e20
26,-1.6404779655372126968487335719424725859810e22
27,3.9563762076686978445854380968115475016284e23
28,-4.8951071900545598737010647122726504025060e24
29,-1.7660389361993988786602048300609186989461e25
30,2.6373851721135292504079475181079828671589e27
31,-7.3327343611019682155255890134706549607593e28
32,1.0414759617263452807718570032510939228258e30
33,4.1420996497301789187622418345672059711515e30
34,-7.1998062836867471491697715567512881055093e32
35,2.2675225130839728638853051233908942830803e34
36,-3.6363426006584780034935372592114026978698e35
37,-1.5778327741054418276328976788309670065505e36
38,3.1364075432405805846301709027116953886012e38
39,-1.1037049152284526516605440900693400856713e40
40,1.9726407355416561979979544082714121547233e41
41,9.2605428256784445115389875750637210144303e41
42,-2.0759219166990277705990829913655468021602e44
43,8.0732988149261975109596353373951931778165e45
44,-1.5913759812720226517439507383138273421744e47
45,-8.0271901254821024990172643151602270329770e47
46,2.0063803710196684672228846413111545026196e50
47,-8.5459869270605611363820268994982601747296e51
48,1.8418708924423850049234525756364958100074e53
49,9.9253961673196759714375959658792872697059e53
50,-2.7402581869521204615351247864509091656215e56
51,1.2687763535569330423739235974742461402397e58
52,-2.9683404677397265199816462761479779186884e59
53,-1.7004809568331875299131935803611803679839e60
54,5.1448647714411081193350142912020121288827e62
55,-2.5730374459865607312452275848154557376893e64
56,6.4943271966309700722607910748803025274807e65
57,3.9384924635764494571159374686074953500307e66
58,-1.2970578573177671839924381227531612503484e69
59,6.9684493529302924553101533734767849004540e70
60,-1.8874872500927772104511195994028682214798e72
61,-1.2073264982357709188394616761103339349795e73
62,4.3027936528370206305668571656709180540210e75
63,-2.4715668311683898467574686730157298534160e77
pade results
m=11,n=12
ms
4.76936276204469873381e-1
2.81858962363852697552e0
7.66155733429872451595e0
1.26863245048948443428e1
1.42289448826538987098e1
1.13401099283913126501e1
6.54027924911894747140e0
2.72130386494256690964e0
7.96944646448793892929e-1
1.55369978172966713240e-1
1.79478511560171736707e-2
9.12339815798381897156e-4
ns
1.00000000000000000000e0
4.29282630696049039387e0
8.84038350961339888382e0
1.13131535813358641563e1
9.87598172167924246360e0
6.10311643448659276618e0
2.68777358081817334530e0
8.27647474482952016955e-1
1.69212613951595024694e-1
2.05001370732618886591e-2
1.09449018476901463264e-3
5.83749969452629729336e-8
-1.77788267449700452655e-9
relative err
7.92691354644328548365e-17
m=12,n=11
ms
4.76936276204469873381e-1
2.84616760158405525682e0
7.83497820480967952200e0
1.31854418507247069612e1
1.50991314347931481408e1
1.23622587209910180023e1
7.38914611882483323616e0
3.22887927743532400543e0
1.01469022581043355024e0
2.20662675054627813944e-1
3.08544968974593494673e-2
2.39971790811111452922e-3
7.30863745742286909984e-5
ns
1.00000000000000000000e0
4.35064949911730838463e0
9.11050028775966939545e0
1.19065638260552095590e1
1.06774569435004386796e1
6.83563640086112993386e0
3.15858388923513427185e0
1.04190005305890918793e0
2.36890807337000398359e-1
3.45535255003216715674e-2
2.79593756760869554701e-3
8.77716242076543178347e-5
relative err
3.40652643051958550327e-17
m=12,n=12
ms
4.76936276204469873381e-1
2.88352616466704850089e0
8.06990313453759068735e0
1.38615721633542644221e1
1.62779313912757372263e1
1.37469146310061053168e1
8.53906532477997670704e0
3.91646732701753361911e0
1.30965971119809401492e0
3.09111557714924923437e-1
4.83385104126596988701e-2
4.41459762118077220023e-3
1.72092978337262221658e-4
ns
1.00000000000000000000e0
4.42897980223515521604e0
9.47641452251916898904e0
1.27104282031038096425e1
1.17631769586880712728e1
7.82794604108957773067e0
3.79636801691337585553e0
1.33213773793318127307e0
3.28571207616008225859e-1
5.35909762923675120772e-2
5.10080667402977391099e-3
2.06592553005442241577e-4
2.40841232742108382487e-9
relative err
1.83533462849949782755e-17
m=12,n=13
ms
4.76936276204469873381e-1
3.02559636152715603026e0
8.90950708726042405002e0
1.61438035914207109621e1
2.00569448774902400478e1
1.79854452302671420333e1
1.19170672305337635384e1
5.86469145422578141514e0
2.12028409667221066208e0
5.46506128974270491247e-1
9.46202559759197438268e-2
9.76091928755388457787e-3
4.43861563996747408788e-4
ns
1.00000000000000000000e0
4.72686068055861464586e0
1.07551653933266125285e1
1.53438094076636757521e1
1.51331490841045891075e1
1.07698121506498215268e1
5.61436970092858215001e0
2.13277409292188841747e0
5.75111564257182948894e-1
1.03996178359677103162e-1
1.12074055111643382778e-2
5.32620250560841718657e-4
1.97972076896052793712e-8
-5.29597252635228832927e-10
relative err
1.48173618716514257286e-18

range x in [2, 4]
diffs x = 2
0,8.7048520631871990502967407027196266095126e-1
1,1.7871966561233118883778251811738723798014e-2
2,-6.3809799643110965233216555248588899951132e-2
3,1.4860678304136683013461559037576260434424e-1
4,-3.4424237153705071492498824766817154199625e-1
5,8.2124088168782538170052139783223994511484e-1
6,-1.9633394800542532241588337495987600498950e0
7,4.3254670702092368906827412655749361809878e0
8,-6.3592984193570685079970401609309286399618e0
9,-1.4501187128948613542344987420776984986096e1
10,2.2477035023126625950852590614099239805893e2
11,-1.6464240720032781424705049551920544721037e3
12,9.8777796283659895150029512535731157816262e3
13,-5.1721004681123165162150177560260967774359e4
14,2.2322293839189948664446428138811408811198e5
15,-5.3257413619479047539222846508011797078279e5
16,-3.7273403341184498613427981132640350967231e6
17,7.8706592188515496307066283516379319713273e7
18,-9.0124385369013988357618672977676429403177e8
19,8.3141432373192904705945064905583759701799e9
20,-6.4775322037000207617936208784068083797466e10
21,3.9376490382525251214140187648304934364135e11
22,-9.9043309537415691022024534008898061462106e11
23,-2.1185680929995478979899834609311649226430e13
24,5.1255850692867616961834688580970225180459e14
25,-7.6884025360062811697578008640776739512627e15
26,9.3293391487596327489578101515587757377423e16
27,-9.3841338396110805064351514945115668602043e17
28,6.9717743229411666279271693455179917227335e18
29,-1.0215298882351270983948451288945094069079e19
30,-9.5702931642443121648664662932028755070417e20
31,2.5522724863473574241934987124747782118017e22
32,-4.6273994346208254610264577907828252581814e23
33,6.8280920902891361707059055494326300234085e24
34,-8.2099933057233994959797469716875176865442e25
35,6.7902670639944797207609321189997356149923e26
36,1.0356593674366233579945542783486150304850e27
37,-2.1007305718268590349226139317285381893807e29
38,6.0771403584079588126951894335188121420437e30
39,-1.2720929752877738276587545758953045186803e32
40,2.1757389224405258363132621068039108253385e33
41,-2.9715190293555597310516704921435860122515e34
42,2.5121055126986746343209166461306101224912e35
43,2.0468485853829506939418390529553456900632e36
44,-1.6632953940041240298692043433937037694792e38
45,5.1667346834163257856161982469746690105302e39
46,-1.2120013204217861145929300482557986860979e41
47,2.3245869856520037642462130158092722138163e42
48,-3.4668917777666830341775437222700658814079e43
49,2.6828887665449681716874651275241507838847e44
50,6.1907898386752658947615474692521038760586e45
51,-3.8813972900645359832482243229307495717402e47
52,1.2844330099221972985721544019949627206036e49
53,-3.3054941263482990379461951146781511815958e50
54,6.9332698018270795640968166404485955920822e51
55,-1.0902021198136237902745534060433347620538e53
56,6.2315814237653010075658251694832559064279e53
57,4.0923323225909488924542125687575086901811e55
58,-2.3053893535665353815946187801195249919648e57
59,8.0722550479216908268702233420890383945282e58
60,-2.2422362888195272637727070056977620496721e60
61,5.0379947844077847655398836153114381355235e61
62,-8.0530282034360952385730608101457009699906e62
63,1.3174300761736090737895489107960209038066e63
pade results
m=12,n=11
ms
1.31715033498613074888e0
5.24458754775368177301e0
9.40160525891638988553e0
1.00202034129966156769e1
7.05691179492779932518e0
3.44983677152287023345e0
1.19599008643785375871e0
2.94950265045921950933e-1
5.10782854503079662255e-2
6.01441083880282118134e-3
4.51658698995963805678e-4
1.89285431743474708101e-5
3.15388752170395768576e-7
ns
1.00000000000000000000e0
3.32088314086107720588e0
4.93633069582100752978e0
4.33068270770402851695e0
2.48425031004238464589e0
9.74405384109905296811e-1
2.65317103733908307675e-1
4.98465716049986284626e-2
6.28359357767144839905e-3
4.99944887548374135709e-4
2.19811733960022333360e-5
3.78801125171414199195e-7
relative err
6.09540539707988186743e-17
m=12,n=12
ms
1.31715033498613074888e0
5.06488806907892818357e0
8.85865359991131443007e0
9.31097283225363539461e0
6.54367045248698969236e0
3.23634484969043017319e0
1.15392316502669301120e0
2.98561370556613133534e-1
5.55462815297693726198e-2
7.22032675272630044353e-3
6.16814467116267793399e-4
3.04506452954038854143e-5
6.29643749653014371704e-7
ns
1.00000000000000000000e0
3.18445264093895117286e0
4.61427867498113575006e0
4.00598938385876161366e0
2.31025825788789448091e0
9.27551809075753435869e-1
2.64119718312235448025e-1
5.32356513729412778817e-2
7.41509868043017684048e-3
6.73390760154516568823e-4
3.50718227953242406288e-5
7.56175380317651333969e-7
1.08572567694652159888e-12
relative err
1.79320642599364304567e-17
m=12,n=13
ms
1.31715033498613074888e0
5.16869787228443667514e0
9.28621411056333221291e0
1.00948968958658972407e1
7.38950104827997264231e0
3.83312435602896180571e0
1.44270522556498413961e0
3.96149478641520941109e-1
7.85068408388144295739e-2
1.08925967158299684688e-2
9.95447990355968785980e-4
5.29841085675257922881e-5
1.21009831710661285087e-6
ns
1.00000000000000000000e0
3.26326657769932984433e0
4.88680196645047945705e0
4.42051479943745665419e0
2.67725909375161408845e0
1.13710782762764293692e0
3.44622479739986305950e-1
7.42410479330850797141e-2
1.10756328488205443541e-2
1.07912540178359618356e-3
6.07551776887572479761e-5
1.45315036426768734257e-6
6.23988841709056029321e-12
-8.58790314777204062541e-14
relative err
4.37845317059988142925e-18

range x in [4, 8]
diffs x = 4
0,8.6437709690434271749550918772230366153833e-1
1,-7.2060239628738049894500811904920993815549e-3
2,1.2931422816537120666041061419410249720729e-3
3,1.5132935535170621554335460932548209688744e-3
4,-4.3053562386520286110553008165300103133741e-3
5,8.8429890976915341889952942210556912030903e-3
6,-1.7928151735476703066447278309252479419199e-2
7,3.7971253065460006776930588550202580417023e-2
8,-8.5125980589418169208547685395315411168739e-2
9,2.0204745036345960723740138071950551103308e-1
10,-5.0522094232535670911072424284154784673611e-1
11,1.3203473712517465659770461407391380881499e0
12,-3.5669288419913745185714618165588807095956e0
13,9.8041814398732501053865422887790771739846e0
14,-2.6715419326009723291724779118157164407661e1
15,6.8490163232253057192862432253008059389111e1
16,-1.4201984571860745691535788770378701416580e2
17,5.2519887018397704995768183420535050498331e1
18,2.0684437261517596266951361637380876937118e3
19,-1.9401580530583414674450166061169169649668e4
20,1.3588123509226492717126364917739481246197e5
21,-8.6218924867337959133910422274754472685368e5
22,5.2322763703215302834907747655372427209506e6
23,-3.0991385261864551191990257235294144753425e7
24,1.8039878583465072949049748879120481413589e8
25,-1.0308705886645709779071231718789346630620e9
26,5.7333237639706150275386594659098355638628e9
27,-3.0407813855728442016785469538373107072413e10
28,1.4661538829174255836606644435957799886209e11
29,-5.5472629806363694394398184845596621484847e11
30,3.7055898178749023318492213078381192199565e11
31,2.4661600778572225386244130072486936163312e13
32,-3.9122305135785055855892131584240526317990e14
33,4.5329808989592712233807047069000051004007e15
34,-4.6652142819820917289573516631246172189240e16
35,4.5089154711991998467014552489230954670820e17
36,-4.1815702848030509427838192066133938454062e18
37,3.7504964397025893090121436783866650755089e19
38,-3.2521782878383126752558127711173596846305e20
39,2.7038788857816525471329336889302039746584e21
40,-2.1106467093597980384199455774812437193246e22
41,1.4695852105359717023481981480078829762078e23
42,-7.7253465318455475487465582202168123496919e23
43,7.9131047859709429953662241217488414273768e22
44,8.3774220012670589855164293583083461028173e25
45,-1.7780635177734917767429869302013616199460e27
46,2.8244667114353648563908265236669271658905e28
47,-3.9824477838456198438849011684683005450374e29
48,5.2456602439957288746203472781497067450123e30
49,-6.5864584176941198081389379992188436707994e31
50,7.9409708345964089222367537139798651656094e32
51,-9.1858692548332068742193076245744467923046e33
52,1.0102742701818235341614284386141899099438e35
53,-1.0324303645489667548576361873109085585260e36
54,9.2545431175868272688811456789648514278609e36
55,-5.9526002266024550704599296773861649615662e37
56,-1.0318446457476898841074339816024974907214e38
57,1.3883794917289729082902931740340343105247e40
58,-3.5815257069916573399832590415089035194033e41
59,7.1412264653187596428407254702930683442817e42
60,-1.2697691798353516827298846033103805096321e44
61,2.1069937034181318472401969938708642879560e45
62,-3.3227502058493615601712847932898973327577e46
63,5.0114407585170703471728101952288877297708e47
pade results
m=10,n=11
ms
3.05817958185091609017e0
5.38742621069935839879e0
4.22311774140605608357e0
1.93577241388514780704e0
5.72936080026327833502e-1
1.13949267032431476591e-1
1.53348864257655037722e-2
1.36758660801634310835e-3
7.64364876564061691044e-5
2.37615328705143470491e-6
3.04083910289240962524e-8
ns
1.00000000000000000000e0
1.47900049448944063274e0
9.64072423064248503995e-1
3.62164351299994348193e-1
8.59927461167722482605e-2
1.32951087244498679072e-2
1.32584428200295855995e-3
8.11173476027983170814e-5
2.70825139972669003946e-6
3.65218266429663607842e-8
2.41437041743761414119e-14
-1.78456109322139182411e-16
relative err
3.77409483600468749503e-17
m=11,n=10
ms
3.05817958185091609017e0
5.46058005151837044625e0
4.35044043825330455239e0
2.03457880733478547851e0
6.17858183289348088999e-1
1.27154967916683733738e-1
1.79441318823134651626e-2
1.71580775626225814677e-3
1.07077990129698360247e-4
4.04893243746801509290e-6
8.02885982996411575279e-8
5.93446257127705509834e-10
ns
1.00000000000000000000e0
1.50292120903908680231e0
9.98944861452710271053e-1
3.84644928772479066794e-1
9.43673024883845966012e-2
1.52697801446623291466e-2
1.62876063962271824041e-3
1.10951078743598768503e-4
4.49200199007734187298e-6
9.35878439223674540264e-8
7.12795267975690158827e-10
relative err
3.78770121924024735364e-18
m=11,n=11
ms
3.05817958185091609017e0
5.43139909390081528076e0
4.29965160503749912128e0
1.99516508486557478940e0
5.99938823530059182842e-1
1.21887233598168970627e-1
1.69033077748041812187e-2
1.57690286138953979540e-3
9.48551406524776123996e-5
3.38166333791924584141e-6
6.03914582721912767372e-8
3.56721433336366095504e-10
ns
1.00000000000000000000e0
1.49337927180599147168e0
9.85034297971126973413e-1
3.75677460064093053284e-1
9.10267044854655906619e-2
1.44820866705167907449e-2
1.50792775792569720767e-3
9.90504480419640522220e-5
3.78046654922344713780e-6
7.08242950370423193196e-8
4.28471933267354800309e-10
-7.11858749235999857728e-17
relative err
1.66205455816277842737e-17
m=11,n=12
ms
3.05817958185091609017e0
3.85339139163429133813e0
1.51976251470134594225e0
-1.83945770188859736659e-1
-3.98911537342809006958e-1
-1.73745355329373260670e-1
-4.18940310446423933600e-2
-6.33583353801919586472e-3
-6.10813752624288375493e-4
-3.60592403198728892257e-5
-1.16569356661823784462e-6
-1.53338794528720583558e-8
ns
1.00000000000000000000e0
9.77383510264918371872e-1
2.21876311497424365480e-1
-1.21779824055691459818e-1
-9.58485657666037205291e-2
-2.98898058490152620627e-2
-5.35229199311817737934e-3
-5.85079581935029829700e-4
-3.80757410012744109301e-5
-1.32662194840960827952e-6
-1.84166358182411257824e-8
-1.25292348968032026324e-14
9.20825960313342018276e-17
relative err
5.98421152219705576243e-17

range x in [8, 16]
diffs x = 8
0,8.4668719681797708805429286939568574672538e-1
1,-2.4029109742137841718000872911139537299246e-3
2,6.2258964777909231471198334890289864434893e-4
3,-2.0832218136654496239407534121513629126610e-4
4,7.9583710505749925265994282327431723696031e-5
5,-2.8771216373873777637251331255985718802443e-5
6,2.7144928822152435880952193509613428807240e-6
7,1.6102999904448103932298260442714539628084e-5
8,-3.5876977211672399193906309767735385271013e-5
9,6.3379051104212006200290449472834664982415e-5
10,-1.0817782875149430688248141240829484948233e-4
11,1.8782449023647290949376917550530446099114e-4
12,-3.3792293674394899935257187093105074694659e-4
13,6.3452829963266955889729787952124140580473e-4
14,-1.2465633244534999974899948706996262813738e-3
15,2.5627681071986237883396298561877876862232e-3
16,-5.5088053985709282830365102750433474660750e-3
17,1.2363190375973147719360857674307717706575e-2
18,-2.8917909219145351925696252210351452950725e-2
19,7.0360658623442060156065566455160800669186e-2
20,-1.7771996317316425122455297726446500889417e-1
21,4.6501289104135119088657592852494763355545e-1
22,-1.2576341874120413062139509719742155008881e0
23,3.5074113111488006181985466097090490436768e0
24,-1.0061486774637255584405440643167867794458e1
25,2.9604336361323124523024981216897773731594e1
26,-8.9052655911801399937190431054894927038793e1
27,2.7277953090642720889484335014591279407270e2
28,-8.4650142480261445901088570829681072047029e2
29,2.6425505021905108052763739192715697377163e3
30,-8.2105486017230707323278429786515215892305e3
31,2.4939618131476848868430464029622937314332e4
32,-7.1495361305131984530563626933904948369960e4
33,1.7692192778806243587950332408342036937167e5
34,-2.5168813465133176641896782375784933512248e5
35,-1.0507902999488521891676647896210571620967e6
36,1.4112545881332417877462330473575533043026e7
37,-1.0669188030138413518901003615335161699470e8
38,6.9150126729854862496730420592074378519141e8
39,-4.2011145572762783629538145509064346873421e9
40,2.4750957935726974128804967763992818574157e10
41,-1.4373402998409188081220538709397964420689e11
42,8.3009077941707947859106969461759434618437e11
43,-4.7923059401752140953010792312316649938627e12
44,2.7744411124151362370964131843657368742070e13
45,-1.6137238052345168584375808399510247606681e14
46,9.4395434260825156594417662412367048639731e14
47,-5.5554657052443931524380370089733872062244e15
48,3.2892994053214900902062917327116730106310e16
49,-1.9582680626130695398588585380270448310127e17
50,1.1711176771462057410585965583575198917240e18
51,-7.0247699539023864901270751942730359176968e18
52,4.2170841711150027592222937907315679973806e19
53,-2.5255904905349437878584383225801067645437e20
54,1.5019364559458937228594106178728543018406e21
55,-8.8053057049714325683302247653638165878909e21
56,5.0287770995727365272106181129698713885807e22
57,-2.7371322882978366013753107137959935020003e23
58,1.3538626873354597903764267556769004051529e24
59,-5.2787709077738993467564137006624227738427e24
60,4.4149925198236264596827815564280266528353e24
61,2.2964821194304115482739401404447956900591e26
62,-3.7526324894653603074469825114117980437010e27
63,4.4331807762930095092718757625691790044710e28
pade results
m=9,n=10
ms
6.47377031042129186999e0
5.25057997465728699389e0
1.85164237193234814221e0
3.71189499068595684563e-1
4.63826657921406488792e-2
3.72260306506401824088e-3
1.90290686634058185533e-4
5.90708266178635231479e-6
9.94806822215495883323e-8
6.77120636004051742598e-10
ns
1.00000000000000000000e0
6.80267072613010102102e-1
1.97237520856386341992e-1
3.16515031068244137732e-2
3.05213294939916568642e-3
1.79370634558089716971e-4
6.19475183896486564253e-6
1.12985535105291349580e-7
8.13290094523217946430e-10
7.88066124943155973171e-17
-3.10838102208091817429e-19
relative err
7.52288033985672863824e-17
m=10,n=9
ms
6.47377031042129186999e0
5.34838994550346293756e0
1.93053468898855702476e0
3.98757267856051660596e-1
5.18342899619842162950e-2
4.39089367057022013391e-3
2.42536565664157596353e-4
8.48414085297905990337e-6
1.75671488734063438897e-7
1.87601473521508687333e-9
7.39959302337396811314e-12
ns
1.00000000000000000000e0
6.95375728953307536842e-1
2.07447955889175560264e-1
3.45772906527347126853e-2
3.51323935344692382562e-3
2.22693855216122866386e-4
8.64983969934989776423e-6
1.93587604401181576517e-7
2.18223823643588797025e-9
8.88779432554651766675e-12
relative err
1.68258204893054110751e-17
m=10,n=10
ms
6.47377031042129186999e0
5.35648052121961542240e0
1.93706044765144206685e0
4.01037598979461026859e-1
5.22852335390096331240e-2
4.44617285834080628412e-3
2.46858203187337461571e-4
8.69730812253653499443e-6
1.81973785766067078346e-7
1.97518400601028962689e-9
8.01166730482399043592e-12
ns
1.00000000000000000000e0
6.96625476060202649491e-1
2.08292535404055016639e-1
3.48193038694321257991e-2
3.55138082555735174711e-3
2.26277434619828439446e-4
8.85291791369156460375e-6
2.00254789135778243383e-7
2.29547391678435761047e-9
9.62296206690742322827e-12
2.57116854204443786497e-20
relative err
1.25321833086530903331e-17
m=10,n=11
ms
6.47377031042129186999e0
4.90465334126497041332e0
1.57060401974006188567e0
2.71804970838800575572e-1
2.63786139725167542387e-2
1.20896361569810890594e-3
-1.29553466185307538524e-5
-4.58374761326765493743e-6
-2.30302271748277618441e-7
-4.96792239919701313367e-9
-3.92469614052972821663e-11
ns
1.00000000000000000000e0
6.26831961880790626302e-1
1.60814305825851787690e-1
2.10534041608298509842e-2
1.34231119467149831952e-3
1.32583503384871300292e-5
-3.66598901270860231766e-6
-2.32098711174954812930e-7
-5.59018362965524911487e-9
-4.71394116771741331389e-11
-5.47447874113299997140e-18
2.16944834939619799744e-20
relative err
4.92305790210626697655e-17

range x in [16, 32]
diffs x = 16
0,8.3766813489063022870495028895032036663952e-1
1,-4.9560417619037151211951211638611863133145e-4
2,7.5152261176495608087559254416997432572001e-5
3,-1.5483119871001668313337747972035428017735e-5
4,4.0179801944115177989883005362930013395167e-6
5,-1.2518674819099321336077682025031050684424e-6
6,4.5263199969154832705662483647088671481596e-7
7,-1.8494972022618980817675903825070667485155e-7
8,8.3470047928913877289909950238233911777074e-8
9,-4.0677933076416535816247519988912026932076e-8
10,2.0841111212321122607183698709607417969668e-8
11,-1.0779534003552435783479743570798668826724e-8
12,5.1625187009154841013023120570411959711911e-9
13,-1.6369963889369456382396526953369499562710e-9
14,-9.4266339794774581786182075661654436651050e-10
15,3.2183473593975644090976645286237327394129e-9
16,-5.6412883834594897805595329261894422646450e-9
17,8.6420443977972884714633471501824837881092e-9
18,-1.2762776909064694699111068719062658459951e-8
19,1.8814209853253854646628995266039647538513e-8
20,-2.8120509916604348518081199662690199664609e-8
21,4.2950227930016977613545851848246633450698e-8
22,-6.7315306980701039643680303559859728058189e-8
23,1.0849756671812225867841645879750482088338e-7
24,-1.8003397964645210887744621697158018413976e-7
25,3.0768163468185145042416590197894955300411e-7
26,-5.4158879186966943445975212108141026090303e-7
27,9.8165037752017593463302494561480257908202e-7
28,-1.8314343897332237108773695685151995667078e-6
29,3.5152606321418148574048012598333467828398e-6
30,-6.9376503771870687235107763359642965692664e-6
31,1.4070093486833588313670529080452248509670e-5
32,-2.9305123917429830789662038335998800483390e-5
33,6.2644186166526358588550404010960145414041e-5
34,-1.3735259631842922081482971521175599596155e-4
35,3.0870378167828969490597024936643940595116e-4
36,-7.1077032657668464129342080481269980390783e-4
37,1.6754682195008991378747485672965024139559e-3
38,-4.0411445965001147793344933025710560277051e-3
39,9.9673591569834436304274939932743446771179e-3
40,-2.5125455523293357457628279861689837251121e-2
41,6.4693482694163816357128426366906189283584e-2
42,-1.7005055087028242871188160137716918216645e-1
43,4.5606585653828091353485486979998287465901e-1
44,-1.2473039351680406737279594715282411006194e0
45,3.4767755588289590087960329407958282848846e0
46,-9.8720006693385819398114228054273425456756e0
47,2.8537846521891392725601822616593401042600e1
48,-8.3943166951988592580183578752933534679032e1
49,2.5110404045400300545928699756971281798621e2
50,-7.6344107063625467942450037832172455381694e2
51,2.3577107072680650607546985351807057550566e3
52,-7.3913774976091552725502928480301878566266e3
53,2.3506577992250217652345033234278428744642e4
54,-7.5782476567441722795110858779964763206433e4
55,2.4746805528243451827197891592396929936921e5
56,-8.1781564767257272170962196934267396297039e5
57,2.7323607738674410462530034578611650434736e6
58,-9.2183551644097201581939759184118944047129e6
59,3.1360699856893420639206716391377716693119e7
60,-1.0739267372167826026167164789824098143905e8
61,3.6936010416350447825543702035138585756432e8
62,-1.2721131914135651035794025147667571851660e9
63,4.3693734900962550331796501236685507710885e9
pade results
m=9,n=9
ms
1.32018977499982715476e1
4.95914307095240821650e0
8.04204788972377532769e-1
7.35471062100918840625e-2
4.15519031019905868403e-3
1.49223223006883557180e-4
3.37090975197484553464e-6
4.55211778144805056604e-8
3.26501597461293127931e-10
9.17443940594623928761e-13
ns
1.00000000000000000000e0
3.12188066754441996038e-1
4.11261021505214135376e-2
2.96638537473187160901e-3
1.27047628192346500146e-4
3.27129851735830803895e-6
4.86893741017571186056e-8
3.74538785452651599674e-10
1.10195988093709126449e-12
3.65919249071928830347e-21
relative err
4.06774804429624428429e-17
m=9,n=10
ms
1.32018977499982715476e1
5.13105301071242102742e0
8.64186689224770821485e-1
8.24650165062692739254e-2
4.88995757852407564489e-3
1.85717358152585487921e-4
4.48182585962556593232e-6
6.55683436814834050573e-8
5.19965977020576483852e-10
1.66705596093344143324e-12
ns
1.00000000000000000000e0
3.25209674936495619211e-1
4.48433036425010257139e-2
3.40627333228530673685e-3
1.54850083570564688647e-4
4.27689262889549326295e-6
6.92851843756226809714e-8
5.92509413450053601627e-10
2.00233024978774182140e-12
2.05733007241605234932e-20
-3.91262141835922808950e-23
relative err
1.11854101588863904966e-17
