pade approximant f(x^2) f(x):=inverf(x)/x

range x in [0, 0.5]
expected
series x = 0
0,8.8622692545275801364908374167057259139877e-1
1,2.3201366653465449355353408258828482091723e-1
2,1.2755617530559795825399974141573007963676e-1
3,8.6552129241547533729641792629060194665105e-2
4,6.4959617745385413382014668620317399204441e-2
5,5.1731281984616374112631885889952634935997e-2
6,4.2836720651797349844651488262505239778749e-2
7,3.6465929308531626325579767243837255197190e-2
8,3.1689005021605446809609468464282901899488e-2
9,2.7980632964995224733430667242687604018208e-2
10,2.5022275841198349457169309105600322973899e-2
11,2.2609863318897574432816586571825165781991e-2
12,2.0606780379059001718768799653504673904927e-2
13,1.8918217250778854463498776390977373648034e-2
14,1.7476370562856546190429615204363584668515e-2
15,1.6231500987685251275294964378105742488956e-2
16,1.5146315063247805520385389047805864944449e-2
17,1.4192316002509964151153600056745641681785e-2
18,1.3347364197421297150347208558941419970241e-2
19,1.2594004871332069841596695418955814396977e-2
20,1.1918295936392039873858223511763440202387e-2
21,1.1308970105922536772225097708007186828339e-2
22,1.0756825303317957577790613079266161890469e-2
23,1.0254274081853468214095551560089504372562e-2
24,9.7950057700711756518126010270056100783776e-3
25,9.3737298191820815168329342289543496456882e-3
26,8.9859785028433780880376238287398044163473e-3
27,8.6279535807094346525409620158380486721558e-3
28,8.2964059277392414044119661192025099364919e-3
29,7.9885401626033548377731895234711929719716e-3
30,7.7019384322597611663687707219955837616974e-3
31,7.4344990178315306038420062789284884360247e-3
32,7.1843865112683124441164140632376581080155e-3
33,6.9499911010647148571204842518673815204103e-3
34,6.7298950853415298182764122192887143111599e-3
35,6.5228451614500617643493149302700363328440e-3
36,6.3277293643431432300182758477149067712955e-3
37,6.1435577703841559168944884807269877554413e-3
38,5.9694462697344562943731574072007053239019e-3
39,5.8046028538343017603007796638205937259745e-3
40,5.6483159755515600175138862380178995677855e-3
41,5.4999446262039635084038637831808182528010e-3
42,5.3589098416864454702891534002407499916407e-3
43,5.2246874036874906098435506426111574128701e-3
44,5.0968015447062055663718756487071818850879e-3
45,4.9748194997390403988281427464794211590353e-3
46,4.8583467749584855368178604328943949950513e-3
47,4.7470230258849766230607381466187920329663e-3
48,4.6405184555590319253643416713639004284937e-3
49,4.5385306579070848561815048702723277507594e-3
50,4.4407818435271835322720794283278014947569e-3
51,4.3470163950215103052998189532107904107958e-3
52,4.2569987071827288276971084030438247391400e-3
53,4.1705112741261715711220461110577056062055e-3
54,4.0873529911090216384896335745675397437686e-3
55,4.0073376434981420567945225526228758778065e-3
56,3.9302925593064781484432078826759782330662e-3
57,3.8560574050482175518009173903010630466530e-3
58,3.7844831074738258156007370209017804255348e-3
59,3.7154308861260479243302597212767242018581e-3
60,3.6487713836790928372093384255572577784016e-3
61,3.5843838827445689482347495213494167974964e-3
62,3.5221555992978687826452261007664754183807e-3
63,3.4619810441376602308553003364471291938175e-3
64,3.4037614448720708872919880402051898466964e-3
65,3.3474042218555647207579932034110895216461e-3
66,3.2928225123033171705625996685096773471275e-3
67,3.2399347375042310734138021477181804589439e-3
68,3.1886642086556295315348392193372474449127e-3
69,3.1389387673655756824423046396706734474937e-3
70,3.0906904573240420296607797822883547856191e-3
71,3.0438552240413583720698736663956137101709e-3
72,2.9983726398996133515650013291248883299457e-3
73,2.9541856520668495355223882653051215855195e-3
74,2.9112403510908280692453668275671719460464e-3
75,2.8694857582238364863406235433124279168624e-3
76,2.8288736297367369865528020439384918772986e-3
77,2.7893582766628551201777756095849395189489e-3
78,2.7508963985735256089963796122611545895496e-3
79,2.7134469301298396609447462407447746642843e-3
80,2.6769708992817007406482050536695195699377e-3
81,2.6414312960977003569962383480337421382677e-3
82,2.6067929513093085094101055424926965443858e-3
83,2.5730224237419402268714949842567439166922e-3
84,2.5400878958849172853698250805896102607537e-3
85,2.5079590769233298461222185239162838127050e-3
86,2.4766071126183073852077487278630926298104e-3
87,2.4460045014790969214999631361479810786066e-3
88,2.4161250167213755471575284527767794836441e-3
89,2.3869436335520560117535106830252231127142e-3
90,2.3584364613620596151351002636709482464917e-3
91,2.3305806804456403321514113145266910287672e-3
92,2.3033544828982969809601325788452687164280e-3
93,2.2767370173755020142631730953429511511161e-3
94,2.2507083374217552683530133454000271414970e-3
95,2.2252493531041472147496828402629525791247e-3
96,2.2003417857069618517663159223641992539873e-3
97,2.1759681252641061559824715592167750129600e-3
98,2.1521115907245355018068870683775024075122e-3
99,2.1287560925625431986508111803208216616243e-3
100,2.1058861976599667594849729735769800081484e-3
101,2.0834870963011846102249426101923633929211e-3
102,2.0615445711343692181473327787390106009259e-3
103,2.0400449679639461504750448275242188959248e-3
104,2.0189751682496906875948012274342800304992e-3
105,1.9983225631974703177333705128271054491184e-3
106,1.9780750293353987189774581150030932321874e-3
107,1.9582209054771817865061077438042973276340e-3
108,1.9387489709817780856061270589216795051471e-3
109,1.9196484252252269778422157193401629781297e-3
110,1.9009088682066734978892979245522404652121e-3
111,1.8825202822162901967351808895627319790860e-3
112,1.8644730144980079838445016970524746569180e-3
113,1.8467577608447614239462431347907533335139e-3
114,1.8293655500683659279293003250014548631448e-3
115,1.8122877292902082202917557080822044992940e-3
116,1.7955159500026775797464960633157186397154e-3
117,1.7790421548547209892192860585446347134325e-3
118,1.7628585651180952852763685993151021220972e-3
119,1.7469576687938361482027245553532849660124e-3
120,1.7313322093211877320596330412197446468350e-3
121,1.7159751748537564417219265664252886914085e-3
122,1.7008797880699846815080350079299441983195e-3
123,1.6860394964872006707082372734625688325486e-3
124,1.6714479632505026186294334831294804296985e-3
125,1.6570990583695924118616436322060937683670e-3
126,1.6429868503783971066003851317947283797681e-3
127,1.6291055983939165437246116987090706606815e-3
128,1.6154497445522220015138102737334338564196e-3
